{
 "cells": [
  {
   "cell_type": "code",
   "execution_count": 1,
   "id": "0e774a1b",
   "metadata": {},
   "outputs": [],
   "source": [
    "import numpy as np\n",
    "import common\n",
    "from common import reset_counters, check_mat, randomize_matrix\n",
    "from multiplication import strassen\n",
    "from functions import recursive_inverse\n",
    "\n",
    "# Import counters for easy access\n",
    "counter_add = common.counter_add\n",
    "counter_mul = common.counter_mul\n",
    "counter_sub = common.counter_sub"
   ]
  },
  {
   "cell_type": "markdown",
   "id": "587e8315",
   "metadata": {},
   "source": [
    "## Recursive Matrix Inversion Test\n"
   ]
  },
  {
   "cell_type": "code",
   "execution_count": 2,
   "id": "6cee86f4",
   "metadata": {},
   "outputs": [
    {
     "name": "stdout",
     "output_type": "stream",
     "text": [
      "Original matrix A:\n",
      "[[2. 1.]\n",
      " [1. 2.]]\n",
      "\n",
      "Recursive inverse:\n",
      "[[ 0.66666667 -0.33333333]\n",
      " [-0.33333333  0.66666667]]\n",
      "\n",
      "NumPy inverse:\n",
      "[[ 0.66666667 -0.33333333]\n",
      " [-0.33333333  0.66666667]]\n",
      "\n",
      "Verification (A * A_inv should be identity):\n",
      "[[1. 0.]\n",
      " [0. 1.]]\n",
      "\n",
      "Counters:\n",
      "Additions: 22, Multiplications: 28, Subtractions: 0\n"
     ]
    }
   ],
   "source": [
    "A = np.array([[2.0, 1.0], [1.0, 2.0]])\n",
    "reset_counters()\n",
    "\n",
    "A_inv = recursive_inverse(A, strassen)\n",
    "A_inv_numpy = np.linalg.inv(A)\n",
    "\n",
    "print(\"Original matrix A:\")\n",
    "print(A)\n",
    "print(\"\\nRecursive inverse:\")\n",
    "print(A_inv)\n",
    "print(\"\\nNumPy inverse:\")\n",
    "print(A_inv_numpy)\n",
    "print(\"\\nVerification (A * A_inv should be identity):\")\n",
    "print(strassen(A, A_inv))\n",
    "print(\"\\nCounters:\")\n",
    "print(f\"Additions: {common.counter_add}, Multiplications: {common.counter_mul}, Subtractions: {common.counter_sub}\")\n"
   ]
  },
  {
   "cell_type": "code",
   "execution_count": 3,
   "id": "1e74faad",
   "metadata": {},
   "outputs": [
    {
     "name": "stdout",
     "output_type": "stream",
     "text": [
      "Original matrix A:\n",
      "[[4.  1.  2.  0.5]\n",
      " [1.  3.  0.5 1. ]\n",
      " [2.  0.5 5.  1. ]\n",
      " [0.5 1.  1.  2. ]]\n",
      "\n",
      "Recursive inverse:\n",
      "[[ 0.33676333 -0.101029   -0.13096352  0.03180543]\n",
      " [-0.101029    0.4303087   0.03928906 -0.20954163]\n",
      " [-0.13096352  0.03928906  0.27315248 -0.12347989]\n",
      " [ 0.03180543 -0.20954163 -0.12347989  0.6585594 ]]\n",
      "\n",
      "NumPy inverse:\n",
      "[[ 0.33676333 -0.101029   -0.13096352  0.03180543]\n",
      " [-0.101029    0.4303087   0.03928906 -0.20954163]\n",
      " [-0.13096352  0.03928906  0.27315248 -0.12347989]\n",
      " [ 0.03180543 -0.20954163 -0.12347989  0.6585594 ]]\n",
      "\n",
      "Difference (should be close to zero):\n",
      "[[5.55111512e-17 1.38777878e-17 2.77555756e-17 0.00000000e+00]\n",
      " [0.00000000e+00 5.55111512e-17 0.00000000e+00 0.00000000e+00]\n",
      " [2.77555756e-17 0.00000000e+00 0.00000000e+00 0.00000000e+00]\n",
      " [0.00000000e+00 0.00000000e+00 1.38777878e-17 0.00000000e+00]]\n",
      "\n",
      "Verification (A * A_inv should be identity):\n",
      "[[ 1.00000000e+00  2.77555756e-17  1.66533454e-16  0.00000000e+00]\n",
      " [-2.77555756e-17  1.00000000e+00  2.77555756e-17  0.00000000e+00]\n",
      " [ 0.00000000e+00  2.77555756e-17  1.00000000e+00  8.32667268e-17]\n",
      " [-1.38777878e-17  5.55111512e-17  3.46944695e-17  1.00000000e+00]]\n",
      "\n",
      "Is close to identity? True\n",
      "\n",
      "Counters:\n",
      "Additions: 252, Multiplications: 344, Subtractions: 0\n"
     ]
    }
   ],
   "source": [
    "# Test with a 4x4 matrix\n",
    "A = np.array([[4.0, 1.0, 2.0, 0.5],\n",
    "              [1.0, 3.0, 0.5, 1.0],\n",
    "              [2.0, 0.5, 5.0, 1.0],\n",
    "              [0.5, 1.0, 1.0, 2.0]])\n",
    "\n",
    "reset_counters()\n",
    "\n",
    "A_inv = recursive_inverse(A, strassen)\n",
    "A_inv_numpy = np.linalg.inv(A)\n",
    "\n",
    "print(\"Original matrix A:\")\n",
    "print(A)\n",
    "print(\"\\nRecursive inverse:\")\n",
    "print(A_inv)\n",
    "print(\"\\nNumPy inverse:\")\n",
    "print(A_inv_numpy)\n",
    "print(\"\\nDifference (should be close to zero):\")\n",
    "print(np.abs(A_inv - A_inv_numpy))\n",
    "print(\"\\nVerification (A * A_inv should be identity):\")\n",
    "identity_check = strassen(A, A_inv)\n",
    "print(identity_check)\n",
    "print(\"\\nIs close to identity?\", np.allclose(identity_check, np.eye(4), atol=1e-6))\n",
    "print(\"\\nCounters:\")\n",
    "print(f\"Additions: {common.counter_add}, Multiplications: {common.counter_mul}, Subtractions: {common.counter_sub}\")\n"
   ]
  },
  {
   "cell_type": "markdown",
   "id": "18d590d2",
   "metadata": {},
   "source": [
    "## Verify recursive inversion for various matrix sizes\n"
   ]
  },
  {
   "cell_type": "code",
   "execution_count": 4,
   "id": "f9a0fc79",
   "metadata": {},
   "outputs": [
    {
     "name": "stdout",
     "output_type": "stream",
     "text": [
      "Verifying n = 1\n",
      "Verifying n = 2\n",
      "Verifying n = 3\n",
      "Verifying n = 4\n",
      "Verifying n = 5\n",
      "Verifying n = 6\n",
      "Verifying n = 7\n",
      "Verifying n = 8\n",
      "Verifying n = 9\n",
      "Verifying n = 10\n",
      "Verifying n = 11\n",
      "Verifying n = 12\n",
      "Verifying n = 13\n",
      "Verifying n = 14\n",
      "Verifying n = 15\n",
      "Verifying n = 16\n",
      "Verifying n = 17\n",
      "Verifying n = 18\n",
      "Verifying n = 19\n",
      "Verifying n = 20\n",
      "Verifying n = 21\n",
      "Verifying n = 22\n",
      "Verifying n = 23\n",
      "Verifying n = 24\n",
      "Verifying n = 25\n",
      "Verifying n = 26\n",
      "Verifying n = 27\n",
      "Verifying n = 28\n",
      "Verifying n = 29\n",
      "Verifying n = 30\n",
      "Verifying n = 31\n",
      "Verifying n = 32\n",
      "Verifying n = 33\n",
      "Verifying n = 34\n",
      "Verifying n = 35\n",
      "Verifying n = 36\n",
      "Verifying n = 37\n",
      "Verifying n = 38\n",
      "Verifying n = 39\n",
      "Verifying n = 40\n",
      "Verifying n = 41\n",
      "Verifying n = 42\n",
      "Verifying n = 43\n",
      "Verifying n = 44\n",
      "Verifying n = 45\n",
      "Verifying n = 46\n",
      "Verifying n = 47\n",
      "Verifying n = 48\n",
      "Verifying n = 49\n",
      "Verifying n = 50\n",
      "\n",
      "50/50 correct\n",
      "\u001b[92mSuccess!\u001b[0m\n"
     ]
    }
   ],
   "source": [
    "GREEN = '\\033[92m'\n",
    "RED = '\\033[91m'\n",
    "ENDCOLOR = '\\033[0m'\n",
    "\n",
    "test_count = 50\n",
    "correct_count = 0\n",
    "\n",
    "for n in range(1, test_count + 1):\n",
    "    print(f\"Verifying n = {n}\")\n",
    "    \n",
    "    # Generate a random invertible matrix\n",
    "    # Use a matrix with larger diagonal values to ensure invertibility\n",
    "    A = np.random.rand(n, n) * 0.5 + np.eye(n) * 2.0\n",
    "    \n",
    "    reset_counters()\n",
    "    \n",
    "    try:\n",
    "        A_inv = recursive_inverse(A, strassen)\n",
    "        A_inv_numpy = np.linalg.inv(A)\n",
    "        \n",
    "        # Check if the result is close to NumPy's inverse\n",
    "        if check_mat(A_inv, A_inv_numpy, tol=1e-5):\n",
    "            # Also verify that A * A_inv is close to identity\n",
    "            identity_check = strassen(A, A_inv)\n",
    "            if check_mat(identity_check, np.eye(n), tol=1e-4):\n",
    "                correct_count += 1\n",
    "            else:\n",
    "                print(f\"  Warning: A * A_inv not close to identity for n={n}\")\n",
    "        else:\n",
    "            print(f\"  Warning: Result differs from NumPy for n={n}\")\n",
    "    except Exception as e:\n",
    "        print(f\"  Error for n={n}: {e}\")\n",
    "\n",
    "print(f'\\n{correct_count}/{test_count} correct')\n",
    "if correct_count == test_count:\n",
    "    print(f'{GREEN}Success!{ENDCOLOR}')\n",
    "else:\n",
    "    print(f'{RED}Test failed!{ENDCOLOR}')\n"
   ]
  }
 ],
 "metadata": {
  "kernelspec": {
   "display_name": "base",
   "language": "python",
   "name": "python3"
  },
  "language_info": {
   "codemirror_mode": {
    "name": "ipython",
    "version": 3
   },
   "file_extension": ".py",
   "mimetype": "text/x-python",
   "name": "python",
   "nbconvert_exporter": "python",
   "pygments_lexer": "ipython3",
   "version": "3.12.4"
  }
 },
 "nbformat": 4,
 "nbformat_minor": 5
}
